872627144738635816
1433117667098759188
1369728333771964489
1390572033116737558
1407594020036677744
1411189522741461162
745178240364052500
872627144738635816
1320443576328523816
1328482467379806219
912084874465271838
1373806999237689427
1324352502661124150
1372029290073423893
1359709013146865676
1439902992513106031
1380242600786792518
1366452247126610012
1385349903311573144
1406466631135395953
1410592385955532893
1412829927945797672
1450770174126067733
1450774614895628359
1374397970694406206
1251707627386175488
1028620294883127296
1428356619745497171
1424012300146184193
1424015700845920330
1365114548897579111
1420381008238219376
640547140149575681
1325065269726416926
1447517366924869643
1294731923289280594
1388653930078277713
1425648511998754997
1442524473822806166
1444348983857385627
1448093353664184532
1446001915170132049
1449514377978839133
1446993996814483508
1452813726871851110
1451968832666079444
1330281357997375590
1446476966239801496
1446477259203416136
1397202160328114188
1448529667236560997
1440417366868496695
1446462456829444218
1431465839621574746
1398149281357238392
1448093353664184532
1449514377978839133
1450469271967629475
1450840704053022772
1450986992891596943
1394448913469145198
1452823029473349796
1458254363561562258
1458511913347448997
1243769287848755213
1426744705114439852
1439442985837400168
1456311037052584092
1412219097344905308
1455960574423990348
1443285297574969374
1455968012900368578
1429221138025939026
1024351206040154212
1405668045514477589
1387246215862681650
1450362155860885585
1187781554647343104
1348356825439010934
1373651304303300652
1043991183585710160
1330281357997375590