1448886698413920377
1395223040723517480
1395377041351639113
1412983391896338473
1395077763311865961
1471476706765439063
1452823029473349796
1393917195574312981
1460807750799069276


1460796643610984478
1343032487818952856
1450567722357231822
1464909070799601798
500555755662082071
1435704872304509009 (bot)
1364672420203729097
1459505120109789323
1430998931390595144
1386745096359121087
1468310254717505720
1466036263575355550
1438598562991702128
1461859942733451470
1456011658039394517